the first, second, third, forth line is n, optDist, optRoute, optTime respectively
the remaining lines are the distMatrix
40
535.0754807236495
[0, 16, 12, 31, 2, 25, 7, 26, 29, 34, 13, 3, 20, 21, 11, 18, 10, 4, 17, 23, 24, 27, 15, 19, 30, 28, 32, 14, 8, 38, 33, 9, 39, 37, 22, 36, 35, 6, 5, 1, 0]
17.974395990371704

0.0 11.865871389838814 34.201367432555216 82.47191872222946 49.078952996995284 18.489930597241994 16.203333253359805 38.76614704547819 61.74259823590994 56.104754747916 50.465164678358924 61.48387523679308 21.192986585516884 69.70288217682007 79.12089432199491 60.88045474749715 17.149147428883502 35.52758211114936 55.50755732359304 66.32172157400039 86.75281998118938 87.6652370259615 34.129979962990525 39.592856531028275 55.480503930781325 29.39875516935846 40.205166282990085 58.935555778654255 80.74781439764251 57.48741791192543 92.93516999873805 16.91148109129112 67.34053343739777 52.067717146941675 63.348678898771176 18.965599396441462 23.042462073251293 39.049387893650405 44.88011585981429 65.84337197046278
11.865871389838814 0.0 44.88826331459644 79.3056443208497 46.00215821831899 6.766792661848145 5.488978680796033 39.64498570328888 50.015221118545945 46.26643294994255 46.64335052369841 57.14221839729055 20.638994650958075 66.72745349374782 67.26996331264809 50.9573158740444 15.147993796226974 31.390514438219842 52.40633440262256 56.15508446889267 83.85051627364723 83.01079222783456 24.091193032660378 30.368616233271158 45.82475700844549 32.792373242025135 41.89105454085371 48.58381181402908 69.30655359232387 58.170286134073635 83.59839341382637 18.223701671470465 55.71277230770659 41.43656510787304 61.88687659071201 12.571540931641648 14.16176473148636 31.94874197489534 33.960795792633675 56.759075232808435
34.201367432555216 44.88826331459644 0.0 83.44511697096979 55.80770507854131 51.60497172656212 49.98480606467625 39.23156978479164 94.34129842274076 90.30474899052955 58.70948220023902 68.73331540558641 36.71868350735444 71.8365158807496 109.53315851844225 83.47774474389279 38.40139899732851 49.27437442613324 60.672783794897214 89.26015985850522 86.50359193185714 92.37635359107335 68.30213812012279 62.98412049635882 77.80389922765646 29.400240436988764 37.76233096752341 83.01868574283694 107.99541003767618 51.74689909313406 111.51339319895801 33.67753265328961 96.02692542878695 86.13697595198842 62.37694798381572 52.95543875912457 57.242778694734454 72.53110477062079 78.79083931522328 99.88590494119579
82.47191872222946 79.3056443208497 83.44511697096979 0.0 33.49489409905876 79.98998031842459 82.49464018768516 46.13389342058557 92.54202398358021 108.197720322731 32.669088858952136 22.82296421193973 61.27986364777852 12.771522357838522 90.23829012386184 53.54742233276274 65.70693395924847 47.920977728881745 27.03613299879915 55.66938980752452 4.81864604624465 11.903300364567249 92.9902120049902 56.34040049709986 52.33065581283047 57.27822858443581 46.48622738330138 57.50128681186715 77.01152163460081 32.146871618660285 53.28116696912218 65.67088894981185 76.11615979506036 100.41768962209794 21.087968245337663 90.99913889097876 89.76646971198353 105.78791554733436 94.15183299786331 119.71229602752608
49.078952996995284 46.00215821831899 55.80770507854131 33.49489409905876 0.0 47.2797299059812 49.52226606734114 16.724249937549704 68.98210910163144 79.87218021033182 3.312087858495202 13.253143052408586 27.930929821625696 20.78651906208877 73.81727142643122 37.58865809500001 32.21626530924672 14.707866986946419 6.458771890714132 42.55474879382863 37.928069155339784 38.986808795071276 61.98298145852923 28.120922162899408 33.180566385429884 26.761940222541554 18.93108591354602 39.662536986433985 65.29698097755085 19.64806544255559 57.79923943500763 32.429886575602644 58.41894894428752 72.45748318220267 16.94562120006853 57.98948831917628 57.27081609259428 74.13516449227292 65.35428004949212 91.59591166314918
18.489930597241994 6.766792661848145 51.60497172656212 79.98998031842459 47.2797299059812 0.0 3.4555857152982785 43.20195946621932 43.278385490084894 40.13246183600449 47.45176634068302 57.393484258570304 24.61095287061394 67.6678957640935 60.86538354428009 47.04466545595227 19.19103073839022 32.59660111391879 53.51431648280343 51.94735235606205 84.6508833566512 82.74140144136037 18.141718094301524 27.65095641415234 42.24601635632825 37.62985700521693 45.751914582338394 44.27288560966253 63.627432550347216 61.22720783245045 79.94102807616073 23.186708375564482 49.80350729677773 34.94603024643935 63.763228579596564 11.30677853141829 10.073400104266117 27.73927401371815 27.37586852293398 50.946084139229924
16.203333253359805 5.488978680796033 49.98480606467625 82.49464018768516 49.52226606734114 3.4555857152982785 0.0 44.40356379384125 45.66163599711413 40.82929827944998 49.867937316597384 60.01834979566312 25.50907790637516 70.06984004705099 63.75965106766028 50.49183848816571 19.997448065215526 34.814799392024746 55.83401875889723 55.402766898279545 87.11848490057066 85.55324964226202 18.64376551893565 30.942677136469783 45.670034188444724 38.05519265275822 46.792907342943835 47.72846604972709 66.89914222335926 62.71816099640769 83.38151542113863 23.47952329478844 53.005422400194874 36.17684536148294 65.79592551429091 8.504855787716071 8.817505288778136 26.71725593898554 28.81234159893656 51.27232015652449
38.76614704547819 39.64498570328888 39.23156978479164 46.13389342058557 16.724249937549704 43.20195946621932 44.40356379384125 0.0 74.82440079482072 80.95958211736415 19.81072792045211 29.501747170218906 19.01276016809298 33.71685479911253 83.67322936735637 50.33316215953306 24.498553653081096 16.518818560304776 21.477427686618146 55.841087678885174 49.88844981004948 53.81790626289492 60.47297580627899 34.54767720303072 45.11406240707906 11.144611641876844 3.316726761653343 51.35562406982303 77.56370262351737 18.785544854805813 74.04131339991969 22.234380584464443 68.50418119640044 74.27157862175203 25.52667882436701 52.21473451032946 53.07816676133165 70.92601615060505 66.63541130327086 92.47652267153491
61.74259823590994 50.015221118545945 94.34129842274076 92.54202398358021 68.98210910163144 43.278385490084894 45.66163599711413 74.82440079482072 0.0 23.703533574955262 67.02687152968568 71.70686954492199 61.28050253905536 83.46429385009932 21.60019612766332 39.860969109090945 57.42836846728778 58.687186837400226 72.93085717069596 39.98893458817765 97.2481454447514 89.45813545741191 31.329914359764704 41.16901196352816 40.22083358060015 74.38883022677813 78.08257495459155 35.56997221742984 33.06739585249511 88.1504955704196 64.4044533023195 62.35606968609912 21.282686700036525 18.032256929531876 84.87132294132716 46.88738415295776 41.43044246767356 39.21934916891023 20.129961901612003 31.885909108517378
56.104754747916 46.26643294994255 90.30474899052955 108.197720322731 79.87218021033182 40.13246183600449 40.82929827944998 80.95958211736415 23.703533574955262 0.0 78.7463637181616 85.88714979907353 63.77570165416076 97.55530967437214 44.37990417798209 59.06918039046323 58.70204731592826 66.79670842655001 85.04836434502563 60.68673020127604 113.0119095779064 107.10756606745396 22.186243101142598 52.37638761417918 57.673890636190336 77.20834946253288 83.90428070358601 54.72215578054359 56.76634768014382 97.28871621188543 87.06872798013357 63.10244326479104 44.37885815329972 7.8444522148866564 96.73195399434917 37.5738575907201 33.06231170101266 21.199856428006917 14.541148682654683 11.723955086544436
50.465164678358924 46.64335052369841 58.70948220023902 32.669088858952136 3.312087858495202 47.45176634068302 49.867937316597384 19.81072792045211 67.02687152968568 78.7463637181616 0.0 11.102894712825062 29.490497062213276 20.216378452004417 71.15508861952904 34.60958598460349 33.41511210244625 15.28514403687156 6.332583038983755 39.470396508238466 37.25630864664248 37.23589909963678 61.47770271700074 26.579879138365023 30.376963096583594 29.493881747505128 22.143535713579766 36.84718706779886 62.29471806887758 22.34080795146361 54.51796802407351 34.07440528191091 55.77217641750749 71.2328762420456 18.06923047261824 58.368198897530874 57.341085750573164 73.87676614418181 64.27804597568402 90.4595737139227
61.48387523679308 57.14221839729055 68.73331540558641 22.82296421193973 13.253143052408586 57.393484258570304 60.01834979566312 29.501747170218906 71.70686954492199 85.88714979907353 11.102894712825062 0.0 40.58010281803156 11.794980166655897 72.59470967002274 35.00226267874028 44.38179498973456 26.070067703193814 8.230101252530169 38.71101512012669 27.599923419410935 26.18136207838509 70.17873895867429 33.688340721640024 32.25824694308056 39.9404411736202 31.22125672214068 38.27139391997855 61.61197105597807 25.155356377104496 47.754713079811985 45.17199030410925 57.5661613930302 78.17207384267178 15.614277228477462 68.51508303412221 67.068993302896 82.96597774511989 71.67314352325938 97.49624802863858
21.192986585516884 20.638994650958075 36.71868350735444 61.27986364777852 27.930929821625696 24.61095287061394 25.50907790637516 19.01276016809298 61.28050253905536 63.77570165416076 29.490497062213276 40.58010281803156 0.0 48.510240379793096 73.96224751509983 46.96505829943311 5.514926854130011 15.214891225054387 34.33825455209284 52.737935327105916 65.56441195101297 66.72282279588377 42.43254531175451 26.26854602611663 41.28053332398542 13.502458091134642 21.288177730253068 46.32424778060487 71.36617250086273 37.64028725180598 76.59347095276094 4.635676267219612 59.82983471619597 57.660430610784324 42.365407727859356 33.20515513030307 34.26747040171536 52.173552013209694 49.91254280758587 75.01206219282759
69.70288217682007 66.72745349374782 71.8365158807496 12.771522357838522 20.78651906208877 67.6678957640935 70.06984004705099 33.71685479911253 83.46429385009932 97.55530967437214 20.216378452004417 11.794980166655897 48.510240379793096 0.0 83.63832150485696 46.10360931238075 52.971155584081714 35.34399367099932 14.337843882891516 49.30442939901897 17.14210505765112 20.610077461198106 81.32867693901206 45.239213151432466 43.785197553159925 44.84214189389723 34.35815205670532 49.61134467605806 71.8550812745036 22.076256432601884 53.58296095237719 52.89988449517103 68.8169716135579 89.867894085234 10.178117296613477 78.56577595699639 77.54385230361342 93.91817149488926 83.27478426041976 109.19026896529883
79.12089432199491 67.26996331264809 109.53315851844225 90.23829012386184 73.81727142643122 60.86538354428009 63.75965106766028 83.67322936735637 21.60019612766332 44.37990417798209 71.15508861952904 72.59470967002274 73.96224751509983 83.63832150485696 0.0 37.59676488265928 71.25669711475133 67.19062377837514 76.12703870704604 34.59658137779469 94.58508364059871 84.51583804415478 52.01268145390408 49.321965546756516 40.876733663892026 85.89677085994661 86.98470277177204 34.510224245502265 16.18686732730264 93.4494080492778 50.82043533334535 76.12546225221422 15.400573542765267 39.53322512171479 87.53938052062887 66.55004946948287 61.14001529469076 60.78211223034093 41.39976700643155 50.26363243609644
60.88045474749715 50.9573158740444 83.47774474389279 53.54742233276274 37.58865809500001 47.04466545595227 50.49183848816571 50.33316215953306 39.860969109090945 59.06918039046323 34.60958598460349 35.00226267874028 46.96505829943311 46.10360931238075 37.59676488265928 0.0 46.74950158466753 35.10001527478822 38.981161585058004 5.782418705169096 58.11312435572142 49.63322028932612 50.76265797288602 21.458892867850764 5.684550090426976 55.67065314880339 53.48578337527109 4.372737246857303 27.710801011821978 56.876730017416676 32.92712025877791 50.693373772886304 22.74235834487462 51.31789344098573 50.09146913864403 57.40856695183854 53.45813518876426 63.85122135411072 46.927386672474995 69.74027528497807
17.149147428883502 15.147993796226974 38.40139899732851 65.70693395924847 32.21626530924672 19.19103073839022 19.997448065215526 24.498553653081096 57.42836846728778 58.70204731592826 33.41511210244625 44.38179498973456 5.514926854130011 52.971155584081714 71.25669711475133 46.74950158466753 0.0 18.38039623550934 38.67344516462345 52.45003621985444 70.09446148856787 70.55822133614807 37.1447696006666 25.418909220699955 41.111821457152125 18.536798580644184 26.803081599002237 45.60191369087062 69.80006945547787 43.051709010905064 77.56751026164406 4.942665401132328 57.627150473816535 52.79307423154144 47.321067860938406 27.719309887432395 28.7664598931802 46.676719513354165 45.04633277428406 69.83130218756877
35.52758211114936 31.390514438219842 49.27437442613324 47.920977728881745 14.707866986946419 32.59660111391879 34.814799392024746 16.518818560304776 58.687186837400226 66.79670842655001 15.28514403687156 26.070067703193814 15.214891225054387 35.34399367099932 67.19062377837514 35.10001527478822 18.38039623550934 0.0 21.04462024668623 40.80719840752559 52.460539643203184 52.21836591889932 47.84649896756187 18.036849917283625 29.59715872236345 20.622063874596837 19.835540113951197 35.55230056028196 61.671875230890905 30.5048592468653 62.37839829671537 19.833602862097745 52.082350354313704 59.67861043040242 31.249457815214697 43.286007490264225 42.61541073370686 59.67763301104117 52.27123944367198 78.48412241679448
55.50755732359304 52.40633440262256 60.672783794897214 27.03613299879915 6.458771890714132 53.51431648280343 55.83401875889723 21.477427686618146 72.93085717069596 85.04836434502563 6.332583038983755 8.230101252530169 34.33825455209284 14.337843882891516 76.12703870704604 38.981161585058004 38.67344516462345 21.04462024668623 0.0 43.423317032206576 31.479555276575855 32.860593686880485 67.78254105424755 32.8055924293093 35.25308947348046 32.183393848691644 23.0437923425144 41.635819317790485 66.42221182925138 18.326757211295174 55.41182854089925 38.80418024676753 60.81472931485105 77.51462625188645 11.94672963225165 64.31767761736417 63.45898111038791 80.12605572824936 70.59137032373191 96.75758232671983
66.32172157400039 56.15508446889267 89.26015985850522 55.66938980752452 42.55474879382863 51.94735235606205 55.402766898279545 55.841087678885174 39.98893458817765 60.68673020127604 39.470396508238466 38.71101512012669 52.737935327105916 49.30442939901897 34.59658137779469 5.782418705169096 52.45003621985444 40.80719840752559 43.423317032206576 0.0 60.067749831517794 50.58142370132791 54.30361981522867 27.08882415990055 11.462130759614245 61.40083723529375 58.957695096871625 7.696349240977484 23.01151215836947 61.55678345557537 28.52709297744473 56.44008089244428 20.753553480609952 53.092391806438215 54.121040194392464 62.01940421095337 57.83921116214509 67.17018061332733 49.410719594068105 70.89821550667439
86.75281998118938 83.85051627364723 86.50359193185714 4.81864604624465 37.928069155339784 84.6508833566512 87.11848490057066 49.88844981004948 97.2481454447514 113.0119095779064 37.25630864664248 27.599923419410935 65.56441195101297 17.14210505765112 94.58508364059871 58.11312435572142 70.09446148856787 52.460539643203184 31.479555276575855 60.067749831517794 0.0 13.291650179218564 97.77739074201843 61.15343527687718 57.02831214668738 61.010224107911284 50.02431799206238 62.1132093610802 81.110988157064 34.847790953010254 56.160434439884924 69.90168775864548 80.60498683665452 105.22973580961 24.480839871434423 95.62079726542547 94.45884156393649 110.55254877080564 98.97037684702528 124.52165221183876
87.6652370259615 83.01079222783456 92.37635359107335 11.903300364567249 38.986808795071276 82.74140144136037 85.55324964226202 53.81790626289492 89.45813545741191 107.10756606745396 37.23589909963678 26.18136207838509 66.72282279588377 20.610077461198106 84.51583804415478 49.63322028932612 70.55822133614807 52.21836591889932 32.860593686880485 50.58142370132791 13.291650179218564 0.0 93.92081790653442 56.97073828746785 49.678021686236626 64.82158923444422 54.74378829776604 53.89073150365954 70.21853071006056 42.31307990289516 43.22709686355536 71.29413505855683 71.33495965834405 99.2638692749403 30.56314755337345 93.99537598563855 92.10105413300036 107.05133309913312 93.60338004384819 118.32876717287948
34.129979962990525 24.091193032660378 68.30213812012279 92.9902120049902 61.98298145852923 18.141718094301524 18.64376551893565 60.47297580627899 31.329914359764704 22.186243101142598 61.47770271700074 70.17873895867429 42.43254531175451 81.32867693901206 52.01268145390408 50.76265797288602 37.1447696006666 47.84649896756187 67.78254105424755 54.30361981522867 97.77739074201843 93.92081790653442 0.0 36.96895759963434 47.4286605319839 55.668150903722385 63.221330639393294 46.93268052114169 59.188494433603836 77.81792550778529 82.7382685316711 41.30833444812549 44.97482736254989 18.08515899962948 78.89025957646489 16.387471233419316 11.263992855146359 13.285511866325697 11.647802041665031 32.80544532141283
39.592856531028275 30.368616233271158 62.98412049635882 56.34040049709986 28.120922162899408 27.65095641415234 30.942677136469783 34.54767720303072 41.16901196352816 52.37638761417918 26.579879138365023 33.688340721640024 26.26854602611663 45.239213151432466 49.321965546756516 21.458892867850764 25.418909220699955 18.036849917283625 32.8055924293093 27.08882415990055 61.15343527687718 56.97073828746785 36.96895759963434 0.0 15.929291441570836 36.87065877726685 37.863502041918686 20.198767677304808 45.18737692901587 47.001102973003114 53.41215246855295 29.605396697294378 34.42931014443034 44.76373523508735 44.64901119201819 38.7948890509861 35.919807796862095 50.08158414283365 38.03829139559912 64.05453988879839
55.480503930781325 45.82475700844549 77.80389922765646 52.33065581283047 33.180566385429884 42.24601635632825 45.670034188444724 45.11406240707906 40.22083358060015 57.673890636190336 30.376963096583594 32.25824694308056 41.28053332398542 43.785197553159925 40.876733663892026 5.684550090426976 41.111821457152125 29.59715872236345 35.25308947348046 11.462130759614245 57.02831214668738 49.678021686236626 47.4286605319839 15.929291441570836 0.0 50.111403111561735 48.311439928652504 6.482350185114837 32.5154432247684 52.716697773974666 37.78628091035381 45.02005849435682 25.571059453020013 49.840452119295456 46.76313057869834 52.88365574355579 49.19771859348869 60.66261565490387 44.76436365754324 68.72819940283605
29.39875516935846 32.792373242025135 29.400240436988764 57.27822858443581 26.761940222541554 37.62985700521693 38.05519265275822 11.144611641876844 74.38883022677813 77.20834946253288 29.493881747505128 39.9404411736202 13.502458091134642 44.84214189389723 85.89677085994661 55.67065314880339 18.536798580644184 20.622063874596837 32.183393848691644 61.40083723529375 61.010224107911284 64.82158923444422 55.668150903722385 36.87065877726685 50.111403111561735 0.0 11.37535205435511 55.88088173839169 81.78007507910715 28.723348068912394 82.26922635734353 14.578820908698209 71.25344839436654 71.15765679368252 36.597028260944946 45.048583478629624 46.87027856425802 64.73353658695633 63.40879736796322 88.36760641292422
40.205166282990085 41.89105454085371 37.76233096752341 46.48622738330138 18.93108591354602 45.751914582338394 46.792907342943835 3.316726761653343 78.08257495459155 83.90428070358601 22.143535713579766 31.22125672214068 21.288177730253068 34.35815205670532 86.98470277177204 53.48578337527109 26.803081599002237 19.835540113951197 23.0437923425144 58.957695096871625 50.02431799206238 54.74378829776604 63.221330639393294 37.863502041918686 48.311439928652504 11.37535205435511 0.0 54.58125295816856 80.78636686525665 17.40440856355844 76.6027479758141 24.08710261070382 71.8073717335805 77.29252600923745 25.543887691753234 54.432220409014164 55.530532252997126 73.42101834995496 69.63211401095634 95.38039628188487
58.935555778654255 48.58381181402908 83.01868574283694 57.50128681186715 39.662536986433985 44.27288560966253 47.72846604972709 51.35562406982303 35.56997221742984 54.72215578054359 36.84718706779886 38.27139391997855 46.32424778060487 49.61134467605806 34.510224245502265 4.372737246857303 45.60191369087062 35.55230056028196 41.635819317790485 7.696349240977484 62.1132093610802 53.89073150365954 46.93268052114169 20.198767677304808 6.482350185114837 55.88088173839169 54.58125295816856 0.0 26.20823013634317 59.18798710056771 36.13466797044587 49.79312262080503 19.309395094317573 46.98321977663687 53.03916028289423 54.324978890865225 50.17094862023106 59.92854792951824 42.7121602098718 65.36946469894276
80.74781439764251 69.30655359232387 107.99541003767618 77.01152163460081 65.29698097755085 63.627432550347216 66.89914222335926 77.56370262351737 33.06739585249511 56.76634768014382 62.29471806887758 61.61197105597807 71.36617250086273 71.8550812745036 16.18686732730264 27.710801011821978 69.80006945547787 61.671875230890905 66.42221182925138 23.01151215836947 81.110988157064 70.21853071006056 59.188494433603836 45.18737692901587 32.5154432247684 81.78007507910715 80.78636686525665 26.20823013634317 0.0 84.4969457895542 34.64090327172266 74.36268839367716 14.25861346762022 50.614559514842895 77.09434756292912 71.4769421740256 66.3817540208196 70.01940987127655 50.31405842718355 64.31415419255471
57.48741791192543 58.170286134073635 51.74689909313406 32.146871618660285 19.64806544255559 61.22720783245045 62.71816099640769 18.785544854805813 88.1504955704196 97.28871621188543 22.34080795146361 25.155356377104496 37.64028725180598 22.076256432601884 93.4494080492778 56.876730017416676 43.051709010905064 30.5048592468653 18.326757211295174 61.55678345557537 34.847790953010254 42.31307990289516 77.81792550778529 47.001102973003114 52.716697773974666 28.723348068912394 17.40440856355844 59.18798710056771 84.4969457895542 0.0 72.84667866387058 41.017754890343376 78.05447443826408 90.18048866843074 11.898681015369718 70.7311177338666 71.24138418755814 88.93159326164934 82.77073004992683 108.96387877738238
92.93516999873805 83.59839341382637 111.51339319895801 53.28116696912218 57.79923943500763 79.94102807616073 83.38151542113863 74.04131339991969 64.4044533023195 87.06872798013357 54.51796802407351 47.754713079811985 76.59347095276094 53.58296095237719 50.82043533334535 32.92712025877791 77.56751026164406 62.37839829671537 55.41182854089925 28.52709297744473 56.160434439884924 43.22709686355536 82.7382685316711 53.41215246855295 37.78628091035381 82.26922635734353 76.6027479758141 36.13466797044587 34.64090327172266 72.84667866387058 0.0 80.83926993998008 43.12667317873114 79.85579037411262 62.19479887865241 90.32585785646256 86.28603668602345 95.45922902879215 77.10484936123343 96.27290921155031
16.91148109129112 18.223701671470465 33.67753265328961 65.67088894981185 32.429886575602644 23.186708375564482 23.47952329478844 22.234380584464443 62.35606968609912 63.10244326479104 34.07440528191091 45.17199030410925 4.635676267219612 52.89988449517103 76.12546225221422 50.693373772886304 4.942665401132328 19.833602862097745 38.80418024676753 56.44008089244428 69.90168775864548 71.29413505855683 41.30833444812549 29.605396697294378 45.02005849435682 14.578820908698209 24.08710261070382 49.79312262080503 74.36268839367716 41.017754890343376 80.83926993998008 0.0 62.37817357247369 57.379750613136174 46.44231384179395 30.578606990770332 32.292842707028605 50.15623563177363 49.64580961422588 74.09196612148152
67.34053343739777 55.71277230770659 96.02692542878695 76.11615979506036 58.41894894428752 49.80350729677773 53.005422400194874 68.50418119640044 21.282686700036525 44.37885815329972 55.77217641750749 57.5661613930302 59.82983471619597 68.8169716135579 15.400573542765267 22.74235834487462 57.627150473816535 52.082350354313704 60.81472931485105 20.753553480609952 80.60498683665452 71.33495965834405 44.97482736254989 34.42931014443034 25.571059453020013 71.25344839436654 71.8073717335805 19.309395094317573 14.25861346762022 78.05447443826408 43.12667317873114 62.37817357247369 0.0 37.614862779264335 72.31877011064614 57.30315379684223 52.16656648922287 56.07804089399969 36.48003489031862 53.165253240601054
52.067717146941675 41.43656510787304 86.13697595198842 100.41768962209794 72.45748318220267 34.94603024643935 36.17684536148294 74.27157862175203 18.032256929531876 7.8444522148866564 71.2328762420456 78.17207384267178 57.660430610784324 89.867894085234 39.53322512171479 51.31789344098573 52.79307423154144 59.67861043040242 77.51462625188645 53.092391806438215 105.22973580961 99.2638692749403 18.08515899962948 44.76373523508735 49.840452119295456 71.15765679368252 77.29252600923745 46.98321977663687 50.614559514842895 90.18048866843074 79.85579037411262 57.379750613136174 37.614862779264335 0.0 89.25982066119613 34.404083430512806 29.348593325720373 21.945268309318887 7.749839575412739 19.324239233425548
63.348678898771176 61.88687659071201 62.37694798381572 21.087968245337663 16.94562120006853 63.763228579596564 65.79592551429091 25.52667882436701 84.87132294132716 96.73195399434917 18.06923047261824 15.614277228477462 42.365407727859356 10.178117296613477 87.53938052062887 50.09146913864403 47.321067860938406 31.249457815214697 11.94672963225165 54.121040194392464 24.480839871434423 30.56314755337345 78.89025957646489 44.64901119201819 46.76313057869834 36.597028260944946 25.543887691753234 53.03916028289423 77.09434756292912 11.898681015369718 62.19479887865241 46.44231384179395 72.31877011064614 89.25982066119613 0.0 74.17263925886776 73.81576536772211 90.9149603307814 82.23334636613022 108.45237609493057
18.965599396441462 12.571540931641648 52.95543875912457 90.99913889097876 57.98948831917628 11.30677853141829 8.504855787716071 52.21473451032946 46.88738415295776 37.5738575907201 58.368198897530874 68.51508303412221 33.20515513030307 78.56577595699639 66.55004946948287 57.40856695183854 27.719309887432395 43.286007490264225 64.31767761736417 62.01940421095337 95.62079726542547 93.99537598563855 16.387471233419316 38.7948890509861 52.88365574355579 45.048583478629624 54.432220409014164 54.324978890865225 71.4769421740256 70.7311177338666 90.32585785646256 30.578606990770332 57.30315379684223 34.404083430512806 74.17263925886776 0.0 5.459852090102135 20.249037271445026 27.93449102991661 46.938358817237834
23.042462073251293 14.16176473148636 57.242778694734454 89.76646971198353 57.27081609259428 10.073400104266117 8.817505288778136 53.07816676133165 41.43044246767356 33.06231170101266 57.341085750573164 67.068993302896 34.26747040171536 77.54385230361342 61.14001529469076 53.45813518876426 28.7664598931802 42.61541073370686 63.45898111038791 57.83921116214509 94.45884156393649 92.10105413300036 11.263992855146359 35.919807796862095 49.19771859348869 46.87027856425802 55.530532252997126 50.17094862023106 66.3817540208196 71.24138418755814 86.28603668602345 32.292842707028605 52.16656648922287 29.348593325720373 73.81576536772211 5.459852090102135 0.0 17.912726651277346 22.635240004082053 43.00114679895874
39.049387893650405 31.94874197489534 72.53110477062079 105.78791554733436 74.13516449227292 27.73927401371815 26.71725593898554 70.92601615060505 39.21934916891023 21.199856428006917 73.87676614418181 82.96597774511989 52.173552013209694 93.91817149488926 60.78211223034093 63.85122135411072 46.676719513354165 59.67763301104117 80.12605572824936 67.17018061332733 110.55254877080564 107.05133309913312 13.285511866325697 50.08158414283365 60.66261565490387 64.73353658695633 73.42101834995496 59.92854792951824 70.01940987127655 88.93159326164934 95.45922902879215 50.15623563177363 56.07804089399969 21.945268309318887 90.9149603307814 20.249037271445026 17.912726651277346 0.0 19.736822788133463 28.027893977480574
44.88011585981429 33.960795792633675 78.79083931522328 94.15183299786331 65.35428004949212 27.37586852293398 28.81234159893656 66.63541130327086 20.129961901612003 14.541148682654683 64.27804597568402 71.67314352325938 49.91254280758587 83.27478426041976 41.39976700643155 46.927386672474995 45.04633277428406 52.27123944367198 70.59137032373191 49.410719594068105 98.97037684702528 93.60338004384819 11.647802041665031 38.03829139559912 44.76436365754324 63.40879736796322 69.63211401095634 42.7121602098718 50.31405842718355 82.77073004992683 77.10484936123343 49.64580961422588 36.48003489031862 7.749839575412739 82.23334636613022 27.93449102991661 22.635240004082053 19.736822788133463 0.0 26.258666576864837
65.84337197046278 56.759075232808435 99.88590494119579 119.71229602752608 91.59591166314918 50.946084139229924 51.27232015652449 92.47652267153491 31.885909108517378 11.723955086544436 90.4595737139227 97.49624802863858 75.01206219282759 109.19026896529883 50.26363243609644 69.74027528497807 69.83130218756877 78.48412241679448 96.75758232671983 70.89821550667439 124.52165221183876 118.32876717287948 32.80544532141283 64.05453988879839 68.72819940283605 88.36760641292422 95.38039628188487 65.36946469894276 64.31415419255471 108.96387877738238 96.27290921155031 74.09196612148152 53.165253240601054 19.324239233425548 108.45237609493057 46.938358817237834 43.00114679895874 28.027893977480574 26.258666576864837 0.0
